3.800000000000000000e+01,3.800000000000000000e+01,0.000000000000000000e+00
6.800000000000000000e+01,3.800000000000000000e+01,1.000000000000000000e+00
2.600000000000000000e+01,3.800000000000000000e+01,1.000000000000000000e+00
1.380000000000000000e+02,3.800000000000000000e+01,1.000000000000000000e+00
9.000000000000000000e+00,3.800000000000000000e+01,1.000000000000000000e+00
5.000000000000000000e+01,3.800000000000000000e+01,1.000000000000000000e+00
1.120000000000000000e+02,3.800000000000000000e+01,1.000000000000000000e+00
1.110000000000000000e+02,3.800000000000000000e+01,1.000000000000000000e+00
1.170000000000000000e+02,3.800000000000000000e+01,1.000000000000000000e+00
1.310000000000000000e+02,3.800000000000000000e+01,1.000000000000000000e+00
1.340000000000000000e+02,3.800000000000000000e+01,1.000000000000000000e+00
1.350000000000000000e+02,3.800000000000000000e+01,1.000000000000000000e+00
1.360000000000000000e+02,3.800000000000000000e+01,1.000000000000000000e+00
3.600000000000000000e+01,3.800000000000000000e+01,1.000000000000000000e+00
7.900000000000000000e+01,3.800000000000000000e+01,1.000000000000000000e+00
3.100000000000000000e+01,3.800000000000000000e+01,1.000000000000000000e+00
7.600000000000000000e+01,3.800000000000000000e+01,1.000000000000000000e+00
5.200000000000000000e+01,3.800000000000000000e+01,1.000000000000000000e+00
1.480000000000000000e+02,3.800000000000000000e+01,1.000000000000000000e+00
1.070000000000000000e+02,3.800000000000000000e+01,1.000000000000000000e+00
1.000000000000000000e+02,3.800000000000000000e+01,1.000000000000000000e+00
8.800000000000000000e+01,3.800000000000000000e+01,1.000000000000000000e+00
3.800000000000000000e+01,6.800000000000000000e+01,1.000000000000000000e+00
6.800000000000000000e+01,6.800000000000000000e+01,0.000000000000000000e+00
2.600000000000000000e+01,6.800000000000000000e+01,1.000000000000000000e+00
1.380000000000000000e+02,6.800000000000000000e+01,1.000000000000000000e+00
9.000000000000000000e+00,6.800000000000000000e+01,1.000000000000000000e+00
5.000000000000000000e+01,6.800000000000000000e+01,1.000000000000000000e+00
1.120000000000000000e+02,6.800000000000000000e+01,1.000000000000000000e+00
1.110000000000000000e+02,6.800000000000000000e+01,1.000000000000000000e+00
1.170000000000000000e+02,6.800000000000000000e+01,1.000000000000000000e+00
1.310000000000000000e+02,6.800000000000000000e+01,1.000000000000000000e+00
1.340000000000000000e+02,6.800000000000000000e+01,1.000000000000000000e+00
1.350000000000000000e+02,6.800000000000000000e+01,1.000000000000000000e+00
1.360000000000000000e+02,6.800000000000000000e+01,1.000000000000000000e+00
3.600000000000000000e+01,6.800000000000000000e+01,1.000000000000000000e+00
7.900000000000000000e+01,6.800000000000000000e+01,1.000000000000000000e+00
3.100000000000000000e+01,6.800000000000000000e+01,1.000000000000000000e+00
7.600000000000000000e+01,6.800000000000000000e+01,1.000000000000000000e+00
5.200000000000000000e+01,6.800000000000000000e+01,1.000000000000000000e+00
1.480000000000000000e+02,6.800000000000000000e+01,1.000000000000000000e+00
1.070000000000000000e+02,6.800000000000000000e+01,1.000000000000000000e+00
1.000000000000000000e+02,6.800000000000000000e+01,1.000000000000000000e+00
8.800000000000000000e+01,6.800000000000000000e+01,1.000000000000000000e+00
3.800000000000000000e+01,2.600000000000000000e+01,1.000000000000000000e+00
6.800000000000000000e+01,2.600000000000000000e+01,1.000000000000000000e+00
2.600000000000000000e+01,2.600000000000000000e+01,0.000000000000000000e+00
1.380000000000000000e+02,2.600000000000000000e+01,1.000000000000000000e+00
9.000000000000000000e+00,2.600000000000000000e+01,1.000000000000000000e+00
5.000000000000000000e+01,2.600000000000000000e+01,1.000000000000000000e+00
1.120000000000000000e+02,2.600000000000000000e+01,1.000000000000000000e+00
1.110000000000000000e+02,2.600000000000000000e+01,1.000000000000000000e+00
1.170000000000000000e+02,2.600000000000000000e+01,1.000000000000000000e+00
1.310000000000000000e+02,2.600000000000000000e+01,1.000000000000000000e+00
1.340000000000000000e+02,2.600000000000000000e+01,1.000000000000000000e+00
1.350000000000000000e+02,2.600000000000000000e+01,1.000000000000000000e+00
1.360000000000000000e+02,2.600000000000000000e+01,7.142857142857143016e-01
3.600000000000000000e+01,2.600000000000000000e+01,1.000000000000000000e+00
7.900000000000000000e+01,2.600000000000000000e+01,1.000000000000000000e+00
3.100000000000000000e+01,2.600000000000000000e+01,0.000000000000000000e+00
7.600000000000000000e+01,2.600000000000000000e+01,1.000000000000000000e+00
5.200000000000000000e+01,2.600000000000000000e+01,1.000000000000000000e+00
1.480000000000000000e+02,2.600000000000000000e+01,1.000000000000000000e+00
1.070000000000000000e+02,2.600000000000000000e+01,1.000000000000000000e+00
1.000000000000000000e+02,2.600000000000000000e+01,1.000000000000000000e+00
8.800000000000000000e+01,2.600000000000000000e+01,1.000000000000000000e+00
3.800000000000000000e+01,1.380000000000000000e+02,1.000000000000000000e+00
6.800000000000000000e+01,1.380000000000000000e+02,1.000000000000000000e+00
2.600000000000000000e+01,1.380000000000000000e+02,1.000000000000000000e+00
1.380000000000000000e+02,1.380000000000000000e+02,0.000000000000000000e+00
9.000000000000000000e+00,1.380000000000000000e+02,1.000000000000000000e+00
5.000000000000000000e+01,1.380000000000000000e+02,1.000000000000000000e+00
1.120000000000000000e+02,1.380000000000000000e+02,6.666666666666667407e-01
1.110000000000000000e+02,1.380000000000000000e+02,6.666666666666667407e-01
1.170000000000000000e+02,1.380000000000000000e+02,1.000000000000000000e+00
1.310000000000000000e+02,1.380000000000000000e+02,1.000000000000000000e+00
1.340000000000000000e+02,1.380000000000000000e+02,1.000000000000000000e+00
1.350000000000000000e+02,1.380000000000000000e+02,1.000000000000000000e+00
1.360000000000000000e+02,1.380000000000000000e+02,1.000000000000000000e+00
3.600000000000000000e+01,1.380000000000000000e+02,1.000000000000000000e+00
7.900000000000000000e+01,1.380000000000000000e+02,1.000000000000000000e+00
3.100000000000000000e+01,1.380000000000000000e+02,1.000000000000000000e+00
7.600000000000000000e+01,1.380000000000000000e+02,1.000000000000000000e+00
5.200000000000000000e+01,1.380000000000000000e+02,1.000000000000000000e+00
1.480000000000000000e+02,1.380000000000000000e+02,1.000000000000000000e+00
1.070000000000000000e+02,1.380000000000000000e+02,1.000000000000000000e+00
1.000000000000000000e+02,1.380000000000000000e+02,1.000000000000000000e+00
8.800000000000000000e+01,1.380000000000000000e+02,1.000000000000000000e+00
3.800000000000000000e+01,9.000000000000000000e+00,1.000000000000000000e+00
6.800000000000000000e+01,9.000000000000000000e+00,1.000000000000000000e+00
2.600000000000000000e+01,9.000000000000000000e+00,1.000000000000000000e+00
1.380000000000000000e+02,9.000000000000000000e+00,1.000000000000000000e+00
9.000000000000000000e+00,9.000000000000000000e+00,0.000000000000000000e+00
5.000000000000000000e+01,9.000000000000000000e+00,1.000000000000000000e+00
1.120000000000000000e+02,9.000000000000000000e+00,1.000000000000000000e+00
1.110000000000000000e+02,9.000000000000000000e+00,1.000000000000000000e+00
1.170000000000000000e+02,9.000000000000000000e+00,1.000000000000000000e+00
1.310000000000000000e+02,9.000000000000000000e+00,1.000000000000000000e+00
1.340000000000000000e+02,9.000000000000000000e+00,1.000000000000000000e+00
1.350000000000000000e+02,9.000000000000000000e+00,1.000000000000000000e+00
1.360000000000000000e+02,9.000000000000000000e+00,1.000000000000000000e+00
3.600000000000000000e+01,9.000000000000000000e+00,1.000000000000000000e+00
7.900000000000000000e+01,9.000000000000000000e+00,1.000000000000000000e+00
3.100000000000000000e+01,9.000000000000000000e+00,1.000000000000000000e+00
7.600000000000000000e+01,9.000000000000000000e+00,1.000000000000000000e+00
5.200000000000000000e+01,9.000000000000000000e+00,1.000000000000000000e+00
1.480000000000000000e+02,9.000000000000000000e+00,1.000000000000000000e+00
1.070000000000000000e+02,9.000000000000000000e+00,1.000000000000000000e+00
1.000000000000000000e+02,9.000000000000000000e+00,1.000000000000000000e+00
8.800000000000000000e+01,9.000000000000000000e+00,1.000000000000000000e+00
3.800000000000000000e+01,5.000000000000000000e+01,1.000000000000000000e+00
6.800000000000000000e+01,5.000000000000000000e+01,1.000000000000000000e+00
2.600000000000000000e+01,5.000000000000000000e+01,1.000000000000000000e+00
1.380000000000000000e+02,5.000000000000000000e+01,1.000000000000000000e+00
9.000000000000000000e+00,5.000000000000000000e+01,1.000000000000000000e+00
5.000000000000000000e+01,5.000000000000000000e+01,0.000000000000000000e+00
1.120000000000000000e+02,5.000000000000000000e+01,1.000000000000000000e+00
1.110000000000000000e+02,5.000000000000000000e+01,1.000000000000000000e+00
1.170000000000000000e+02,5.000000000000000000e+01,1.000000000000000000e+00
1.310000000000000000e+02,5.000000000000000000e+01,1.000000000000000000e+00
1.340000000000000000e+02,5.000000000000000000e+01,1.000000000000000000e+00
1.350000000000000000e+02,5.000000000000000000e+01,1.000000000000000000e+00
1.360000000000000000e+02,5.000000000000000000e+01,1.000000000000000000e+00
3.600000000000000000e+01,5.000000000000000000e+01,1.000000000000000000e+00
7.900000000000000000e+01,5.000000000000000000e+01,1.000000000000000000e+00
3.100000000000000000e+01,5.000000000000000000e+01,1.000000000000000000e+00
7.600000000000000000e+01,5.000000000000000000e+01,1.000000000000000000e+00
5.200000000000000000e+01,5.000000000000000000e+01,3.333333333333333703e-01
1.480000000000000000e+02,5.000000000000000000e+01,1.000000000000000000e+00
1.070000000000000000e+02,5.000000000000000000e+01,1.000000000000000000e+00
1.000000000000000000e+02,5.000000000000000000e+01,1.000000000000000000e+00
8.800000000000000000e+01,5.000000000000000000e+01,3.333333333333333703e-01
3.800000000000000000e+01,1.120000000000000000e+02,1.000000000000000000e+00
6.800000000000000000e+01,1.120000000000000000e+02,1.000000000000000000e+00
2.600000000000000000e+01,1.120000000000000000e+02,1.000000000000000000e+00
1.380000000000000000e+02,1.120000000000000000e+02,6.666666666666667407e-01
9.000000000000000000e+00,1.120000000000000000e+02,1.000000000000000000e+00
5.000000000000000000e+01,1.120000000000000000e+02,1.000000000000000000e+00
1.120000000000000000e+02,1.120000000000000000e+02,0.000000000000000000e+00
1.110000000000000000e+02,1.120000000000000000e+02,8.000000000000000444e-01
1.170000000000000000e+02,1.120000000000000000e+02,1.000000000000000000e+00
1.310000000000000000e+02,1.120000000000000000e+02,1.000000000000000000e+00
1.340000000000000000e+02,1.120000000000000000e+02,1.000000000000000000e+00
1.350000000000000000e+02,1.120000000000000000e+02,1.000000000000000000e+00
1.360000000000000000e+02,1.120000000000000000e+02,1.000000000000000000e+00
3.600000000000000000e+01,1.120000000000000000e+02,1.000000000000000000e+00
7.900000000000000000e+01,1.120000000000000000e+02,1.000000000000000000e+00
3.100000000000000000e+01,1.120000000000000000e+02,1.000000000000000000e+00
7.600000000000000000e+01,1.120000000000000000e+02,1.000000000000000000e+00
5.200000000000000000e+01,1.120000000000000000e+02,1.000000000000000000e+00
1.480000000000000000e+02,1.120000000000000000e+02,1.000000000000000000e+00
1.070000000000000000e+02,1.120000000000000000e+02,1.000000000000000000e+00
1.000000000000000000e+02,1.120000000000000000e+02,1.000000000000000000e+00
8.800000000000000000e+01,1.120000000000000000e+02,1.000000000000000000e+00
3.800000000000000000e+01,1.110000000000000000e+02,1.000000000000000000e+00
6.800000000000000000e+01,1.110000000000000000e+02,1.000000000000000000e+00
2.600000000000000000e+01,1.110000000000000000e+02,1.000000000000000000e+00
1.380000000000000000e+02,1.110000000000000000e+02,6.666666666666667407e-01
9.000000000000000000e+00,1.110000000000000000e+02,1.000000000000000000e+00
5.000000000000000000e+01,1.110000000000000000e+02,1.000000000000000000e+00
1.120000000000000000e+02,1.110000000000000000e+02,8.000000000000000444e-01
1.110000000000000000e+02,1.110000000000000000e+02,0.000000000000000000e+00
1.170000000000000000e+02,1.110000000000000000e+02,1.000000000000000000e+00
1.310000000000000000e+02,1.110000000000000000e+02,1.000000000000000000e+00
1.340000000000000000e+02,1.110000000000000000e+02,1.000000000000000000e+00
1.350000000000000000e+02,1.110000000000000000e+02,1.000000000000000000e+00
1.360000000000000000e+02,1.110000000000000000e+02,1.000000000000000000e+00
3.600000000000000000e+01,1.110000000000000000e+02,1.000000000000000000e+00
7.900000000000000000e+01,1.110000000000000000e+02,1.000000000000000000e+00
3.100000000000000000e+01,1.110000000000000000e+02,1.000000000000000000e+00
7.600000000000000000e+01,1.110000000000000000e+02,1.000000000000000000e+00
5.200000000000000000e+01,1.110000000000000000e+02,1.000000000000000000e+00
1.480000000000000000e+02,1.110000000000000000e+02,1.000000000000000000e+00
1.070000000000000000e+02,1.110000000000000000e+02,1.000000000000000000e+00
1.000000000000000000e+02,1.110000000000000000e+02,1.000000000000000000e+00
8.800000000000000000e+01,1.110000000000000000e+02,1.000000000000000000e+00
3.800000000000000000e+01,1.170000000000000000e+02,1.000000000000000000e+00
6.800000000000000000e+01,1.170000000000000000e+02,1.000000000000000000e+00
2.600000000000000000e+01,1.170000000000000000e+02,1.000000000000000000e+00
1.380000000000000000e+02,1.170000000000000000e+02,1.000000000000000000e+00
9.000000000000000000e+00,1.170000000000000000e+02,1.000000000000000000e+00
5.000000000000000000e+01,1.170000000000000000e+02,1.000000000000000000e+00
1.120000000000000000e+02,1.170000000000000000e+02,1.000000000000000000e+00
1.110000000000000000e+02,1.170000000000000000e+02,1.000000000000000000e+00
1.170000000000000000e+02,1.170000000000000000e+02,0.000000000000000000e+00
1.310000000000000000e+02,1.170000000000000000e+02,1.000000000000000000e+00
1.340000000000000000e+02,1.170000000000000000e+02,1.000000000000000000e+00
1.350000000000000000e+02,1.170000000000000000e+02,1.000000000000000000e+00
1.360000000000000000e+02,1.170000000000000000e+02,1.000000000000000000e+00
3.600000000000000000e+01,1.170000000000000000e+02,1.000000000000000000e+00
7.900000000000000000e+01,1.170000000000000000e+02,1.000000000000000000e+00
3.100000000000000000e+01,1.170000000000000000e+02,1.000000000000000000e+00
7.600000000000000000e+01,1.170000000000000000e+02,1.000000000000000000e+00
5.200000000000000000e+01,1.170000000000000000e+02,1.000000000000000000e+00
1.480000000000000000e+02,1.170000000000000000e+02,1.000000000000000000e+00
1.070000000000000000e+02,1.170000000000000000e+02,1.000000000000000000e+00
1.000000000000000000e+02,1.170000000000000000e+02,1.000000000000000000e+00
8.800000000000000000e+01,1.170000000000000000e+02,1.000000000000000000e+00
3.800000000000000000e+01,1.310000000000000000e+02,1.000000000000000000e+00
6.800000000000000000e+01,1.310000000000000000e+02,1.000000000000000000e+00
2.600000000000000000e+01,1.310000000000000000e+02,1.000000000000000000e+00
1.380000000000000000e+02,1.310000000000000000e+02,1.000000000000000000e+00
9.000000000000000000e+00,1.310000000000000000e+02,1.000000000000000000e+00
5.000000000000000000e+01,1.310000000000000000e+02,1.000000000000000000e+00
1.120000000000000000e+02,1.310000000000000000e+02,1.000000000000000000e+00
1.110000000000000000e+02,1.310000000000000000e+02,1.000000000000000000e+00
1.170000000000000000e+02,1.310000000000000000e+02,1.000000000000000000e+00
1.310000000000000000e+02,1.310000000000000000e+02,0.000000000000000000e+00
1.340000000000000000e+02,1.310000000000000000e+02,1.000000000000000000e+00
1.350000000000000000e+02,1.310000000000000000e+02,1.000000000000000000e+00
1.360000000000000000e+02,1.310000000000000000e+02,1.000000000000000000e+00
3.600000000000000000e+01,1.310000000000000000e+02,1.000000000000000000e+00
7.900000000000000000e+01,1.310000000000000000e+02,1.000000000000000000e+00
3.100000000000000000e+01,1.310000000000000000e+02,1.000000000000000000e+00
7.600000000000000000e+01,1.310000000000000000e+02,1.000000000000000000e+00
5.200000000000000000e+01,1.310000000000000000e+02,1.000000000000000000e+00
1.480000000000000000e+02,1.310000000000000000e+02,1.000000000000000000e+00
1.070000000000000000e+02,1.310000000000000000e+02,5.000000000000000000e-01
1.000000000000000000e+02,1.310000000000000000e+02,5.000000000000000000e-01
8.800000000000000000e+01,1.310000000000000000e+02,1.000000000000000000e+00
3.800000000000000000e+01,1.340000000000000000e+02,1.000000000000000000e+00
6.800000000000000000e+01,1.340000000000000000e+02,1.000000000000000000e+00
2.600000000000000000e+01,1.340000000000000000e+02,1.000000000000000000e+00
1.380000000000000000e+02,1.340000000000000000e+02,1.000000000000000000e+00
9.000000000000000000e+00,1.340000000000000000e+02,1.000000000000000000e+00
